Table II
Price Bias as a Percentage of the Black-Scholes Price for Varying
Values of S/X and Correlation, rho, between the Volatility and the
Stock Price; Option Parameters: sigma_0 = 15%, r = 0.0, xi = 1, and mu = 0

T = 90 Days
   rho       0.9      0.95       1.0      1.05       1.1
--------------------------------------------------------
  -1.0    -66.09    -22.02     -0.96      2.23      1.78
          (1.15)    (0.94)    (0.49)    (0.17)    (0.05)
  -0.5    -30.87    -12.83     -2.04      1.30      1.01
          (2.06)    (1.14)    (0.58)    (0.23)    (0.08)
   0.0      5.08     -0.87     -1.88     -0.26      0.24
          (2.99)    (1.37)    (0.67)    (0.28)    (0.12)
   0.5     38.22      5.36     -0.62     -1.51     -0.92
          (3.77)    (1.55)    (0.77)    (0.34)    (0.15)
   1.0     71.30     14.01     -0.02     -3.86     -1.98
          (4.64)    (1.81)    (0.86)    (0.39)    (0.18)

T = 180 Days
   rho       0.9      0.95       1.0      1.05       1.1
--------------------------------------------------------
  -1.0    -57.06    -21.14     -3.82      1.53      2.81
          (0.82)    (0.72)    (0.44)    (0.19)    (0.08)
  -0.5    -26.05    -10.21     -2.90      0.68      1.52
          (1.44)    (0.97)    (0.58)    (0.30)    (0.15)
   0.0     -0.28     -2.06     -3.18     -1.49     -0.00
          (1.98)    (1.18)    (0.70)    (0.39)    (0.22)
   0.5     22.36      3.99     -0.68     -3.71     -2.59
          (2.50)    (1.40)    (0.84)    (0.49)    (0.28)
   1.0     46.56     12.15     -1.35     -4.77     -4.79
          (3.08)    (1.65)    (0.97)    (0.59)    (0.34)

T = 270 Days
   rho       0.9      0.95       1.0      1.05       1.1
--------------------------------------------------------
  -1.0    -52.79    -22.71     -6.03      0.89      2.94
          (0.70)    (0.61)    (0.40)    (0.20)    (0.10)
  -0.5    -25.12    -13.10     -4.46     -0.07      1.62
          (1.22)    (0.87)    (0.57)    (0.34)    (0.20)
   0.0     -2.76     -3.80     -2.88     -2.40     -0.55
          (1.71)    (1.12)    (0.75)    (0.46)    (0.29)
   0.5     15.13      2.98     -4.16     -4.37     -3.57
          (2.20)    (1.40)    (0.89)    (0.59)    (0.38)
   1.0     33.34     10.62     -6.47     -6.93     -6.04
          (2.70)    (1.71)    (1.00)    (0.72)    (0.50)
