Table III
Implied Volatility Calculated by Black-Scholes Formula from the
Option Prices Given in Table II; Actual Expected Mean Volatility
15%; Option Parameters: sigma_0 = 15%, r = 0.0, xi = 1, and mu = 0

T = 90 Days
   rho       0.9      0.95       1.0      1.05       1.1
--------------------------------------------------------
  -1.0     11.82     13.41     14.81     15.86     16.90
          (0.07)    (0.07)    (0.07)    (0.06)    (0.05)
  -0.5     13.70     14.40     14.78     15.44     16.18
          (0.09)    (0.08)    (0.09)    (0.08)    (0.09)
   0.0     15.29     14.77     14.86     15.06     15.26
          (0.11)    (0.10)    (0.10)    (0.11)    (0.13)
   0.5     16.31     15.29     14.84     14.19     13.93
          (0.12)    (0.11)    (0.12)    (0.13)    (0.20)
   1.0     17.24     16.10     14.69     13.64     12.40
          (0.13)    (0.12)    (0.13)    (0.15)    (0.31)

T = 180 Days
   rho       0.9      0.95       1.0      1.05       1.1
--------------------------------------------------------
  -1.0     11.58     12.95     14.46     15.55     16.63
          (0.06)    (0.06)    (0.07)    (0.06)    (0.05)
  -0.5     13.40     14.08     14.65     15.20     15.85
          (0.08)    (0.08)    (0.09)    (0.08)    (0.08)
   0.0     14.77     14.93     14.52     14.71     14.78
          (0.10)    (0.10)    (0.11)    (0.11)    (0.12)
   0.5     16.15     15.34     14.71     14.09     13.87
          (0.12)    (0.12)    (0.13)    (0.14)    (0.18)
   1.0     17.15     16.14     14.45     13.25     12.02
          (0.14)    (0.14)    (0.14)    (0.17)    (0.24)

T = 270 Days
   rho       0.9      0.95       1.0      1.05       1.1
--------------------------------------------------------
  -1.0     11.45     12.80     14.14     15.28     16.20
          (0.05)    (0.06)    (0.06)    (0.05)    (0.04)
  -0.5     13.26     13.74     14.40     15.03     15.61
          (0.08)    (0.08)    (0.09)    (0.08)    (0.08)
   0.0     14.85     14.66     14.35     14.80     14.78
          (0.11)    (0.11)    (0.11)    (0.12)    (0.13)
   0.5     15.88     15.22     14.58     14.02     13.54
          (0.13)    (0.13)    (0.13)    (0.15)    (0.18)
   1.0     16.61     15.84     14.15     13.24     12.12
          (0.15)    (0.15)    (0.16)    (0.18)    (0.24)
